         Northern Halo Orbit around Earth-Moon L1

Orbital Period of the expected Halo orbit: 11.99418075525909 days

          date                     X                     Y                     Z
1996-06-25T00:00:00.000   316509431.313205500           0.000000000     8563605.827872727
1996-06-25T01:02:54.916   316511648.776170850      515760.182833142     8561743.460346050
1996-06-25T02:05:49.833   316518299.403653800     1031258.924189432     8556157.163896050
1996-06-25T03:08:44.749   316529377.913316100     1546234.939163460     8546849.356355296
1996-06-25T04:11:39.665   316544875.507591100     2060427.255735985     8533824.065588335
1996-06-25T05:14:34.582   316564779.883165600     2573575.370576301     8517086.926714404
1996-06-25T06:17:29.498   316589075.244224550     3085419.404078772     8496645.178233737
1996-06-25T07:20:24.415   316617742.319431070     3595700.254383275     8472507.657071937
1996-06-25T08:23:19.331   316650758.382604200     4104159.750133507     8444684.792560795
1996-06-25T09:26:14.247   316688097.277049800     4610540.801732439     8413188.599377926
1996-06-25T10:29:09.164   316729729.443493550     5114587.550860366     8378032.669471225
1996-06-25T11:32:04.080   316775621.951557340     5616045.518028195     8339232.162997860
1996-06-25T12:34:58.996   316825738.534712500     6114661.747946657     8296803.798310974
1996-06-25T13:37:53.913   316880039.628638860     6610184.952500988     8250765.841030479
1996-06-25T14:40:48.829   316938482.412912900     7102365.651130252     8201138.092237499
1996-06-25T15:43:43.746   317001020.855940700     7590956.308420904     8147941.875834827
1996-06-25T16:46:38.662   317067605.763049540     8075711.468735076     8091200.025118482
1996-06-25T17:49:33.578   317138184.827645660     8556387.887705720     8030936.868607835
1996-06-25T18:52:28.495   317212702.685342970     9032744.660442790     7967178.215183991
1996-06-25T19:55:23.411   317291100.970964100     9504543.346307212     7899951.338588069
1996-06-25T20:58:18.327   317373318.378313000     9971548.090122124     7829284.961332674
1996-06-25T22:01:13.244   317459290.722614900    10433525.739704229     7755209.238081350
1996-06-25T23:04:08.160   317548951.005520160    10890245.959611354     7677755.738551943
1996-06-26T00:07:03.076   317642229.482566600    11341481.341015859     7596957.430000771
1996-06-26T01:09:57.993   317739053.732993400    11787007.507627240     7512848.659345157
1996-06-26T02:12:52.909   317839348.731802300    12226603.217600837     7425465.134982266
1996-06-26T03:15:47.826   317943036.923960150    12660050.461383180     7334843.908362461
1996-06-26T04:18:42.742   318050038.300640000    13087134.555457968     7241023.355375208
1996-06-26T05:21:37.658   318160270.477398400    13507644.231970050     7144043.157605369
1996-06-26T06:24:32.575   318273648.774187860    13921371.724217894     7043944.283517131
1996-06-26T07:27:27.491   318390086.297109800    14328112.848017834     6940768.969622096
1996-06-26T08:30:22.407   318509494.021809300    14727667.078956060     6834560.701687114
1996-06-26T09:33:17.324   318631780.878423450    15119837.625556383     6725364.196036270
1996-06-26T10:36:12.240   318756853.837994400    15504431.498403877     6613225.381000090
1996-06-26T11:39:07.157   318884618.000260400    15881259.575275717     6498191.378563573
1996-06-26T12:42:02.073   319014976.682747840    16250136.662341850     6380310.486262847
1996-06-26T13:44:56.989   319147831.511084850    16610881.551508434     6259632.159378537
1996-06-26T14:47:51.906   319283082.510465400    16963317.073987372     6136206.993471787
1996-06-26T15:50:46.822   319420628.198195300    17307270.150184806     6010086.707306908
1996-06-26T16:53:41.738   319560365.677256900    17642571.836010740     5881324.126202177
1996-06-26T17:56:36.655   319702190.730831700    17969057.365720585     5749973.165848051
1996-06-26T18:59:31.571   319845997.917726040    18286566.191407874     5616088.816629515
1996-06-26T20:02:26.487   319991680.668649500    18594942.019274990     5479727.128486634
1996-06-26T21:05:21.404   320139131.383297150    18894032.842816196     5340945.196344717
1996-06-26T22:08:16.320   320288241.528193400    19183690.973054323     5199801.146142649
1996-06-26T23:11:11.237   320438901.735258100    19463773.065978570     5056354.121485060
1996-06-27T00:14:06.153   320591001.901057360    19734140.147337340     4910664.270941011
1996-06-27T01:17:01.069   320744431.286707700    19994657.634945385     4762792.736008760
1996-06-27T02:19:55.986   320899078.618401940    20245195.358670004     4612801.639763053
1996-06-27T03:22:50.902   321054832.188530270    20485627.578265775     4460754.076198092
1996-06-27T04:25:45.818   321211579.957370160    20715832.999232000     4306714.100275979
1996-06-27T05:28:40.735   321369209.655322700    20935694.786871260     4150746.718687040
1996-06-27T06:31:35.651   321527608.885671560    21145100.578731265     3992917.881324829
1996-06-27T07:34:30.568   321686665.227844600    21343942.495615990     3833294.473475082
1996-06-27T08:37:25.484   321846266.341155650    21532117.151355278     3671944.308714024
1996-06-27T09:40:20.400   322006300.069006400    21709525.661525280     3508936.122507666
1996-06-27T10:43:15.317   322166654.543525800    21876073.651314830     3344339.566499742
1996-06-27T11:46:10.233   322327218.290624260    22031671.262735570     3178225.203471757
1996-06-27T12:49:05.149   322487880.335436600    22176233.161375746     3010664.502954475
1996-06-27T13:52:00.066   322648530.308127460    22309678.542899914     2841729.837465651
1996-06-27T14:54:54.982   322809058.550026950    22431931.139498520     2671494.479344360
1996-06-27T15:57:49.899   322969356.220062430    22542919.226492915     2500032.598147427
1996-06-27T17:00:44.815   323129315.401446100    22642575.629302760     2327419.258568611
1996-06-27T18:03:39.731   323288829.208575070    22730837.730983745     2153730.418836006
1996-06-27T19:06:34.648   323447791.894089940    22807647.480544336     1979042.929537824
1996-06-27T20:09:29.564   323606098.956036200    22872951.402250710     1803434.532821105
1996-06-27T21:12:24.480   323763647.245061000    22926700.606129006     1626983.861902126
1996-06-27T22:15:19.397   323920335.071569900    22968850.799873617     1449770.440821212
1996-06-27T23:18:14.313   324076062.312760060    22999362.302369613     1271874.684368342
1996-06-28T00:21:09.229   324230730.519432900    23018200.059035730     1093377.898099341
1996-06-28T01:24:04.146   324384243.022482000    23025333.659192614      914362.278355619
1996-06-28T02:26:59.062   324536505.038933200    23020737.355658250      734910.912193285
1996-06-28T03:29:53.979   324687423.777408060    23004390.086769287      555107.777120008
1996-06-28T04:32:48.895   324836908.542860570    22976275.501022450      375037.740530379
1996-06-28T05:35:43.811   324984870.840425850    22936381.984525400      194786.558722481
1996-06-28T06:38:38.728   325131224.478202400    22884702.691439830       14440.875370218
1996-06-28T07:41:33.644   325275885.668770550    22821235.577592390     -165911.780682574
1996-06-28T08:44:28.560   325418773.129234400    22745983.437420044     -346182.998448896
1996-06-28T09:47:23.477   325559808.179552560    22658953.944406383     -526283.488797792
1996-06-28T10:50:18.393   325698914.838907200    22560159.695153613     -706123.089586658
1996-06-28T11:53:13.310   325836019.919835200    22449618.257221136     -885610.772096471
1996-06-28T12:56:08.226   325971053.119830000    22327352.220846390    -1064654.648949070
1996-06-28T13:59:03.142   326103947.110095260    22193389.254645623    -1243161.983694867
1996-06-28T15:01:58.059   326234637.621115860    22047762.165372908    -1421039.202268596
1996-06-28T16:04:52.975   326363063.524682900    21890508.961792730    -1598191.906519792
1996-06-28T17:07:47.891   326489166.911992850    21721672.922697180    -1774524.890033498
1996-06-28T18:10:42.808   326612893.167416600    21541302.669070665    -1949942.156465185
1996-06-28T19:13:37.724   326734191.037510160    21349452.240374666    -2124346.940621857
1996-06-28T20:16:32.640   326853012.694824500    21146181.174891233    -2297641.732528715
1996-06-28T21:19:27.557   326969313.796044770    20931554.594027190    -2469728.304727316
1996-06-28T22:22:22.473   327083053.533975540    20705643.290440720    -2640507.743056862
1996-06-28T23:25:17.390   327194194.682870200    20468523.819808558    -2809880.481174783
1996-06-29T00:28:12.306   327302703.636588040    20220278.596004907    -2977746.339075966
1996-06-29T01:31:07.222   327408550.439050700    19960995.989413004    -3144004.565871669
1996-06-29T02:34:02.139   327511708.806461000    19690770.428036235    -3308553.887089028
1996-06-29T03:36:57.055   327612156.140741050    19409702.501018863    -3471292.556749975
1996-06-29T04:39:51.971   327709873.533645150    19117899.064126022    -3632118.414483964
1996-06-29T05:42:46.888   327804845.761007400    18815473.346669786    -3790928.947922024
1996-06-29T06:45:41.804   327897061.266591300    18502545.059302150    -3947621.360609976
1996-06-29T07:48:36.721   327986512.135022760    18179240.502028200    -4102092.645665904
1996-06-29T08:51:31.637   328073194.053310300    17845692.671722860    -4254239.665390952
1996-06-29T09:54:26.553   328157106.260480460    17502041.368364144    -4403959.237022984
1996-06-29T10:57:21.470   328238251.484896060    17148433.299124720    -4551148.224799173
1996-06-29T12:00:16.386   328316635.868862000    16785022.179392383    -4695703.638466506
1996-06-29T13:03:11.302   328392268.880180240    16411968.829721173    -4837522.738347414
1996-06-29T14:06:06.219   328465163.210372500    16029441.267647207    -4976503.147032170
1996-06-29T15:09:01.135   328535334.659356530    15637614.793239600    -5112542.967729471
1996-06-29T16:11:56.051   328602802.006445500    15236672.067197640    -5245540.909262092
1996-06-29T17:14:50.968   328667586.867620650    14826803.180252114    -5375396.417645536
1996-06-29T18:17:45.884   328729713.539129100    14408205.712582659    -5502009.814134454
1996-06-29T19:20:40.801   328789208.827559800    13981084.781925850    -5625282.439564343
1996-06-29T20:23:35.717   328846101.866668640    13545653.079021653    -5745116.804755002
1996-06-29T21:26:30.633   328900423.921337800    13102130.889030550    -5861416.746677862
1996-06-29T22:29:25.550   328952208.179190640    12650746.097551493    -5974087.590021932
1996-06-29T23:32:20.466   329001489.530510600    12191734.179883180    -6083036.313723603
1996-06-30T00:35:15.382   329048304.337251960    11725338.172199396    -6188171.721954322
1996-06-30T01:38:10.299   329092690.192072150    11251808.623354350    -6289404.618988222
1996-06-30T02:41:05.215   329134685.668454650    10771403.526097197    -6386647.987300036
1996-06-30T03:44:00.132   329174330.063133900    10284388.226556960    -6479817.168173026
1996-06-30T04:46:55.048   329211663.132167300     9791035.310960222    -6568830.044028269
1996-06-30T05:49:49.964   329246724.822135700     9291624.468664741    -6653607.221621799
1996-06-30T06:52:44.881   329279554.998071600     8786442.330731992    -6734072.215195870
1996-06-30T07:55:39.797   329310193.169832600     8275782.283420377    -6810151.628616181
1996-06-30T08:58:34.713   329338678.218733250     7759944.256157275    -6881775.335479829
1996-06-30T10:01:29.630   329365048.126334970     7239234.483740938    -6948876.656139741
1996-06-30T11:04:24.546   329389339.707360200     6713965.242730715    -7011392.530562164
1996-06-30T12:07:19.462   329411588.348742250     6184454.562203963    -7069263.685914887
1996-06-30T13:10:14.379   329431827.756846800     5651025.909287561    -7122434.797776645
1996-06-30T14:13:09.295   329450089.714902040     5114007.850108374    -7170854.643863269
1996-06-30T15:16:04.212   329466403.852650200     4573733.687046902    -7214476.249183917
1996-06-30T16:18:59.128   329480797.430180670     4030541.073418005    -7253257.021572087
1996-06-30T17:21:54.044   329493295.137830700     3484771.606938470    -7287158.876580601
1996-06-30T18:24:48.961   329503918.913935600     2936770.403569255    -7316148.350787790
1996-06-30T19:27:43.877   329512687.782082400     2386885.653536571    -7340196.702632950
1996-06-30T20:30:38.793   329519617.709365900     1835468.161536760    -7359279.999982365
1996-06-30T21:33:33.710   329524721.486974840     1282870.873311582    -7373379.193721792
1996-06-30T22:36:28.626   329528008.634236300      729448.390939508    -7382480.176776241
1996-06-30T23:39:23.543   329529485.327035700      175556.479321982    -7386573.828071555
1996-07-01T00:42:18.459   329529154.351299900     -378448.433551236    -7385656.041073389
1996-07-01T01:45:13.375   329527015.081993500     -932209.759898678    -7379727.736665747
1996-07-01T02:48:08.292   329523063.487832250    -1485371.256303729    -7368794.860261384
1996-07-01T03:51:03.208   329517292.161667400    -2037577.526018692    -7352868.363168285
1996-07-01T04:53:58.124   329509690.376247000    -2588474.516726364    -7331964.168367822
1996-07-01T05:56:53.041   329500244.164815400    -3137710.011123951    -7306103.120989354
1996-07-01T06:59:47.957   329488936.425778700    -3684934.107780294    -7275310.923890745
1996-07-01T08:02:42.874   329475747.050438000    -4229799.689833149    -7239618.058872824
1996-07-01T09:05:37.790   329460653.072589800    -4771962.879236315    -7199059.694166553
1996-07-01T10:08:32.706   329443628.838597360    -5311083.474434090    -7153675.578932877
1996-07-01T11:11:27.623   329424646.196377600    -5846825.369529590    -7103509.925605819
1996-07-01T12:14:22.539   329403674.701597400    -6378856.953220383    -7048611.280988169
1996-07-01T13:17:17.455   329380681.839258400    -6906851.485996016    -6989032.387075335
1996-07-01T14:20:12.372   329355633.258751750    -7430487.454323328    -6924830.032635988
1996-07-01T15:23:07.288   329328493.020402500    -7949448.900783185    -6856064.896617875
1996-07-01T16:26:02.204   329299223.851477860    -8463425.729362473    -6782801.384473478
1996-07-01T17:28:57.121   329267787.409619750    -8972113.985344120    -6705107.458513300
1996-07-01T18:31:52.037   329234144.551673230    -9475216.109472308    -6623054.463395083
1996-07-01T19:34:46.954   329198255.605911250    -9972441.166296301    -6536716.947845636
1996-07-01T20:37:41.870   329160080.645714040   -10463505.046811968    -6446172.483689190
1996-07-01T21:40:36.786   329119579.762832400   -10948130.645722413    -6351501.483223267
1996-07-01T22:43:31.703   329076713.338453400   -11426048.013826128    -6252787.015941005
1996-07-01T23:46:26.619   329031442.310396250   -11896994.486211218    -6150114.625548883
1996-07-02T00:49:21.535   328983728.434877400   -12360714.787086124    -6043572.148172152
1996-07-02T01:52:16.452   328933534.541416500   -12816961.112210149    -5933249.532578227
1996-07-02T02:55:11.368   328880824.779583000   -13265493.190000694    -5819238.663181935
1996-07-02T03:58:06.285   328825564.856425900   -13706078.322488366    -5701633.186527284
1996-07-02T05:01:01.201   328767722.263568340   -14138491.407365948    -5580528.341869209
1996-07-02T06:03:56.117   328707266.493089440   -14562514.942433935    -5456020.796406818
1996-07-02T07:06:51.034   328644169.241456570   -14977939.013784178    -5328208.485647918
1996-07-02T08:09:45.950   328578404.600906700   -15384561.269085428    -5197190.459313915
1996-07-02T09:12:40.866   328509949.237807330   -15782186.877341421    -5063066.733125337
1996-07-02T10:15:35.783   328438782.557652800   -16170628.476485066    -4925938.146741954
1996-07-02T11:18:30.699   328364886.856470760   -16549706.110152472    -4785906.228068251
1996-07-02T12:21:25.615   328288247.458522200   -16919247.154949546    -4643073.064075277
1996-07-02T13:24:20.532   328208852.840283330   -17279086.239483450    -4497541.178234220
1996-07-02T14:27:15.448   328126694.740787100   -17629065.156382233    -4349413.414605255
1996-07-02T15:30:10.365   328041768.258490500   -17969032.768470414    -4198792.828578041
1996-07-02T16:33:05.281   327954071.934902700   -18298844.910207253    -4045782.584217175
1996-07-02T17:36:00.197   327863607.825281500   -18618364.285429217    -3890485.858127423
1996-07-02T18:38:55.114   327770381.556755540   -18927460.362370014    -3733005.749719372
1996-07-02T19:41:50.030   327674402.374284200   -19226009.266861368    -3573445.197726181
1996-07-02T20:44:44.946   327575683.174900800   -19513893.674546820    -3411906.902796262
1996-07-02T21:47:39.863   327474240.530723000   -19791002.702869844    -3248493.255964796
1996-07-02T22:50:34.779   327370094.701233400   -20057231.803526820    -3083306.272788759
1996-07-02T23:53:29.696   327263269.635356900   -20312482.656006977    -2916447.532915297
1996-07-03T00:56:24.612   327153792.963869150   -20556663.062773764    -2748018.124841762
1996-07-03T01:59:19.528   327041695.982679500   -20789686.846577622    -2578118.595617037
1996-07-03T03:02:14.445   326927013.627532240   -21011473.750327986    -2406848.905227869
1996-07-03T04:05:09.361   326809784.440668340   -21221949.339893340    -2234308.385410374
1996-07-03T05:08:04.277   326690050.529979800   -21421044.910142120    -2060595.702625527
1996-07-03T06:10:59.194   326567857.521184600   -21608697.394484915    -1885808.824938049
1996-07-03T07:13:54.110   326443254.503529250   -21784849.278129050    -1710044.992540306
1996-07-03T08:16:49.026   326316293.969517500   -21949448.515211117    -1533400.691666596
1996-07-03T09:19:43.943   326187031.749143600   -22102448.449930612    -1355971.631648149
1996-07-03T10:22:38.859   326055526.939086400   -22243807.741768852    -1177852.724865201
1996-07-03T11:25:33.776   325921841.827307760   -22373490.294841766     -999138.069359397
1996-07-03T12:28:28.692   325786041.813468900   -22491465.191402506     -819920.933877432
1996-07-03T13:31:23.608   325648195.325563550   -22597706.629480370     -640293.745124980
1996-07-03T14:34:18.525   325508373.733141400   -22692193.864615800     -460348.077018609
1996-07-03T15:37:13.441   325366651.257472200   -22774911.155627380     -280174.641732314
1996-07-03T16:40:08.357   325223104.878982700   -22845847.714325186      -99863.282344397
1996-07-03T17:43:03.274   325077814.242272600   -22904997.659065970       80497.033100280
1996-07-03T18:45:58.190   324930861.558996860   -22952359.972028673      260818.216288373
1996-07-03T19:48:53.107   324782331.508879240   -22987938.460074120      441013.062262991
1996-07-03T20:51:48.023   324632311.139103830   -23011741.719039560      620995.252132663
1996-07-03T21:54:42.939   324480889.762310100   -23023783.101307813      800679.355012764
1996-07-03T22:57:37.856   324328158.853397970   -23024080.686480860      979980.829338770
1996-07-04T00:00:32.772   324174211.945333840   -23012657.254979460     1158816.023682179
1996-07-04T01:03:27.688   324019144.524130100   -22989540.264383588     1337102.177191562
1996-07-04T02:06:22.605   323863053.923153940   -22954761.828322377     1514757.419772982
1996-07-04T03:09:17.521   323706039.216908340   -22908358.697717620     1691700.772116357
1996-07-04T04:12:12.437   323548201.114412250   -22850372.244180836     1867852.145666432
1996-07-04T05:15:07.354   323389641.852295400   -22780848.445360914     2043132.342630043
1996-07-04T06:18:02.270   323230465.087709300   -22699837.872036915     2217463.056104119
1996-07-04T07:20:57.187   323070775.791146300   -22607395.676748894     2390766.870402172
1996-07-04T08:23:52.103   322910680.139248000   -22503581.583758377     2562967.261650573
1996-07-04T09:26:47.019   322750285.407673950   -22388459.880129687     2733988.598719622
1996-07-04T10:29:41.936   322589699.864094560   -22262099.407722660     2903756.144548538
1996-07-04T11:32:36.852   322429032.661363500   -22124573.555888046     3072196.057917700
1996-07-04T12:35:31.768   322268393.730918650   -21975960.254656833     3239235.395716032
1996-07-04T13:38:26.685   322107893.676454700   -21816341.968216140     3404802.115746141
1996-07-04T14:41:21.601   321947643.667904140   -21645805.688465018     3568825.080104745
1996-07-04T15:44:16.518   321787755.335761600   -21464442.928445240     3731234.059171102
1996-07-04T16:47:11.434   321628340.665780300   -21272349.715443697     3891959.736231432
1996-07-04T17:50:06.350   321469511.894066040   -21069626.583565038     4050933.712762854
1996-07-04T18:53:01.267   321311381.402596650   -20856378.565575257     4208088.514395964
1996-07-04T19:55:56.183   321154061.615185140   -20632715.183819488     4363357.597571064
1996-07-04T20:58:51.099   320997664.893911500   -20398750.440019840     4516675.356898875
1996-07-04T22:01:46.016   320842303.436042960   -20154602.803762015     4667977.133232752
1996-07-04T23:04:40.932   320688089.171463670   -19900395.199482724     4817199.222455533
1996-07-05T00:07:35.848   320535133.660636100   -19636254.991773230     4964278.884980454
1996-07-05T01:10:30.765   320383547.993116260   -19362313.968818158     5109154.355962014
1996-07-05T02:13:25.681   320233442.686647360   -19078708.323792722     5251764.856209114
1996-07-05T03:16:20.598   320084927.586858800   -18785578.634045940     5392050.603789455
1996-07-05T04:19:15.514   319938111.767597300   -18483069.837901880     5529952.826310780
1996-07-05T05:22:10.430   319793103.431922850   -18171331.208916310     5665413.773861424
1996-07-05T06:25:05.347   319650009.813802700   -17850516.327431273     5798376.732589421
1996-07-05T07:28:00.263   319508937.080541730   -17520783.049276125     5928786.038896376
1996-07-05T08:30:55.179   319369990.235989200   -17182293.471469610     6056587.094219400
1996-07-05T09:33:50.096   319233273.024567100   -16835213.894784250     6181726.380371448
1996-07-05T10:36:45.012   319098887.836168770   -16479714.783041453     6304151.475407737
1996-07-05T11:39:39.929   318966935.611980560   -16115970.719013138     6423811.069983092
1996-07-05T12:42:34.845   318837515.751283000   -15744160.356813718     6540654.984162645
1996-07-05T13:45:29.761   318710726.019293500   -15364466.370674782     6654634.184645752
1996-07-05T14:48:24.678   318586662.456115400   -14977075.400003616     6765700.802360675
1996-07-05T15:51:19.594   318465419.286862900   -14582177.990636120     6873808.150385329
1996-07-05T16:54:14.510   318347088.833036500   -14179968.532204660     6978910.742147366
1996-07-05T17:57:09.427   318231761.425227050   -13770645.191551445     7080964.309854846
1996-07-05T19:00:04.343   318119525.317229100   -13354409.842129115     7179925.823107018
1996-07-05T20:02:59.260   318010466.601651100   -12931467.989341045     7275753.507633050
1996-07-05T21:05:54.176   317904669.127111000   -12502028.691785874     7368406.864105143
1996-07-05T22:08:49.092   317802214.417109850   -12066304.478382412     7457846.686971137
1996-07-05T23:11:44.009   317703181.590679400   -11624511.261363678     7544035.083250689
1996-07-06T00:14:38.925   317607647.284902900   -11176868.245141380     7626935.491238196
1996-07-06T01:17:33.841   317515685.579408100   -10723597.831055168     7706512.699054951
1996-07-06T02:20:28.758   317427367.922936900   -10264925.518034147     7782732.862992648
1996-07-06T03:23:23.674   317342763.062095300    -9801079.799211554     7855563.525590053
1996-07-06T04:26:18.590   317261936.972387730    -9332292.054547084     7924973.633384735
1996-07-06T05:29:13.507   317184952.791643740    -8858796.439524870     7990933.554282028
1996-07-06T06:32:08.423   317111870.755940260    -8380829.770008861     8053415.094483851
1996-07-06T07:35:03.340   317042748.138126500    -7898631.403350868     8112391.514920835
1996-07-06T08:37:58.256   316977639.189054800    -7412443.115860106     8167837.547132229
1996-07-06T09:40:53.172   316916595.081619440    -6922508.976756269     8219729.408539282
1996-07-06T10:43:48.089   316859663.857705400    -6429075.218741402     8268044.817059403
1996-07-06T11:46:43.005   316806890.378141940    -5932390.105338424     8312763.005010149
1996-07-06T12:49:37.921   316758316.275757800    -5432703.795156629     8353864.732254115
1996-07-06T13:52:32.838   316713979.911626300    -4930268.203256345     8391332.298538124
1996-07-06T14:55:27.754   316673916.334587700    -4425336.859796292     8425149.554982593
1996-07-06T15:58:22.671   316638157.244128300    -3918164.766157996     8455301.914679712
1996-07-06T17:01:17.587   316606730.956692200    -3409008.248751663     8481776.362362029
1996-07-06T18:04:12.503   316579662.375496600    -2898124.810717295     8504561.463106190
1996-07-06T19:07:07.420   316556972.963910340    -2385772.981743445     8523647.370039929
1996-07-06T20:10:02.336   316538680.722455700    -1872212.166233677     8539025.831023928
1996-07-06T21:12:57.252   316524800.169480260    -1357702.490057650     8550690.194283852
1996-07-06T22:15:52.169   316515342.325540800     -842504.646129642     8558635.412971644
1996-07-06T23:18:47.085   316510314.701534100     -326879.739062174     8562858.048639111

Initial position: {316,509,431.3132055; 0; 8,563,605.827872727}
Final position: {316,509,451.31468576; -57,317.1878900299; 8,563,583.084197303}
