          Earth-Moon CR3BP System tutorial 
          Trajectory around L4 stable point            
 
Distance in meters between primary bodies: 3.844E8
Orbital velocity of the primary bodies: 1018.3034025953718
Orbital period of the primary bodies: 2371843.6233484214
Mass ratio of the system: 0.012150584395829191
 
Earth-Moon L1 position: {0.8369151591; 0; 0}
Earth-Moon L2 position: {1.1556823409; 0; 0}
Earth-Moon L3 position: {-1.0050627435; 0; 0}
Earth-Moon L4 position: {0.4878494156; 0.8660254038; 0}
Earth-Moon L5 position: {0.4878494156; -0.8660254038; 0}
 
Earth position in the Rotating Frame: {-4,729,418.336659071; -0.0000000002; -0.0000000002}
True Moon position in the Rotating Frame using JPL Data at this time: {384,504,398.1275507; -0.0000000298; -0.0000000075}
 
date                               X                      Y                        Z 
1996-06-25T00:00:00.000Z  187529315.358243260000  333284565.214738200000      0.000000000000
1996-06-25T10:29:09.163689689290185928Z  187532033.566255500000  333288722.027085540000      0.000000000000
1996-06-25T20:58:18.327379378580371856Z  187541312.437120380000  333300501.212629300000      0.000000000000
1996-06-26T07:27:27.491069067877833728Z  187558786.384122730000  333318807.633925740000      0.000000000000
1996-06-26T17:56:36.654758757160743712Z  187586007.441590760000  333342477.207840100000      0.000000000000
1996-06-27T04:25:45.81844844642910176Z  187624429.523263200000  333370288.305711800000      0.000000000000
1996-06-27T14:54:54.982138135755667456Z  187675393.574065980000  333400973.644121470000      0.000000000000
1996-06-28T01:24:04.14582782505312928Z  187740113.758738550000  333433232.561840700000      0.000000000000
1996-06-28T11:53:13.30951751432148736Z  187819664.821438430000  333465743.576876940000      0.000000000000
1996-06-28T22:22:22.473207203648053024Z  187914970.739598800000  333497177.116567200000      0.000000000000
1996-06-29T08:51:31.636896892858203409Z  188026794.783004640000  333526208.313356340000      0.000000000000
1996-06-29T19:20:40.800586582184769088Z  188155731.075451280000  333551529.759182900000      0.000000000000
1996-06-30T05:49:49.96427627151133488Z  188302197.741583140000  333571864.112239500000      0.000000000000
1996-06-30T16:18:59.127965960721485376Z  188466431.705784080000  333585976.451256800000      0.000000000000
1996-07-01T02:48:08.291655650106258816Z  188648485.193487550000  333592686.274359800000      0.000000000000
1996-07-01T13:17:17.455345339258201424Z  188848223.968201250000  333590879.041969700000      0.000000000000
1996-07-01T23:46:26.619035028642974856Z  189065327.320132170000  333579517.166181150000      0.000000000000
1996-07-02T10:15:35.78272471791133304Z  189299289.804751570000  333557650.352549730000      0.000000000000
1996-07-02T20:44:44.946414407296106464Z  189549424.712194530000  333524425.204322160000      0.000000000000
1996-07-03T07:13:54.110104096448049312Z  189814869.231258800000  333479094.003837940000      0.000000000000
1996-07-03T17:43:03.273793785716407452Z  190094591.255146060000  333421022.591192200000      0.000000000000
1996-07-04T04:12:12.43748347510118088Z  190387397.760196780000  333349697.266275700000      0.000000000000
1996-07-04T14:41:21.60117316436953904Z  190691944.673858900000  333264730.647048000000      0.000000000000
1996-07-05T01:10:30.764862853754312512Z  191006748.134182600000  333165866.424349550000      0.000000000000
1996-07-05T11:39:39.928552543022670592Z  191330197.030387640000  333052982.961748100000      0.000000000000
1996-07-05T22:08:49.092242232174613504Z  191660566.702615200000  332926095.697797700000      0.000000000000
1996-07-06T08:37:58.255931921442971584Z  191996033.668971600000  332785358.317680300000      0.000000000000
1996-07-06T19:07:07.419621610827745088Z  192334691.239453900000  332631062.671417360000      0.000000000000
1996-07-07T05:36:16.583311300212518528Z  192674565.869386400000  332463637.426646530000      0.000000000000
1996-07-07T16:05:25.747000989597292Z  193013634.099610630000  332283645.455271500000      0.000000000000
1996-07-08T02:34:34.91069067851640418Z  193349839.926882240000  332091779.964993100000      0.000000000000
1996-07-08T13:03:44.07438036790117764Z  193681112.445711730000  331888859.398739800000      0.000000000000
1996-07-08T23:32:53.238070057285951088Z  194005383.602226170000  331675821.137167800000      0.000000000000
1996-07-09T10:02:02.40175974667072456Z  194320605.901466100000  331453714.051585850000      0.000000000000
1996-07-09T20:31:11.56544943582266736Z  194624769.911807060000  331223689.966701150000      0.000000000000
1996-07-10T07:00:20.729139124974610208Z  194915921.413836420000  330986994.104343700000      0.000000000000
1996-07-10T17:29:29.892828814592214272Z  195192178.045918500000  330744954.590620760000      0.000000000000
1996-07-11T03:58:39.056518503744157184Z  195451745.304765580000  330498971.119641600000      0.000000000000
1996-07-11T14:27:48.220208192896099968Z  195692931.766472580000  330250502.876846430000      0.000000000000
1996-07-12T00:56:57.383897882280873424Z  195914163.401580000000  330001055.833940400000      0.000000000000
1996-07-12T11:26:06.547587571432815792Z  196113996.866663400000  329752169.535301400000      0.000000000000
1996-07-12T21:55:15.711277261050419472Z  196291131.664622280000  329505403.502387460000      0.000000000000
1996-07-13T08:24:24.874966950202361824Z  196444421.076129230000  329262323.387957800000      0.000000000000
1996-07-13T18:53:34.038656639121473536Z  196572881.775494160000  329024487.015782200000      0.000000000000
1996-07-14T05:22:43.202346328739077248Z  196675702.055410330000  328793430.443803130000      0.000000000000
1996-07-14T15:51:52.366036017891019584Z  196752248.596579850000  328570654.189434400000      0.000000000000
1996-07-15T02:21:01.529725707508623216Z  196802071.729976000000  328357609.754720030000      0.000000000000
1996-07-15T12:50:10.693415396427734982Z  196824909.151430000000  328155686.586488400000      0.000000000000
1996-07-15T23:19:19.857105086045338648Z  196820688.060253600000  327966199.602385900000      0.000000000000
1996-07-16T09:48:29.020794775197281008Z  196789525.705683380000  327790377.407814200000      0.000000000000
1996-07-16T20:17:38.184484464349223376Z  196731728.337008500000  327629351.321409760000      0.000000000000
1996-07-17T06:46:47.3481741537339964Z  196647788.565276120000  327484145.317860840000      0.000000000000
1996-07-17T17:15:56.511863842885938752Z  196538381.156447380000  327355666.986698600000      0.000000000000
1996-07-18T03:45:05.675553532503542464Z  196404357.287756800000  327244699.594354400000      0.000000000000
1996-07-18T14:14:14.8392432216554848Z  196246737.310778440000  327151895.324428700000      0.000000000000
1996-07-19T00:43:24.002932910574596544Z  196066702.076320380000  327077769.757935640000      0.000000000000
1996-07-19T11:12:33.166622600425030848Z  195865582.887688430000  327022697.641488200000      0.000000000000
1996-07-19T21:41:42.330312289576973184Z  195644850.160062880000  326986909.977176600000      0.000000000000
1996-07-20T08:10:51.494001979194576896Z  195406100.874654950000  326970492.453482150000      0.000000000000
1996-07-20T18:40:00.657691667880857968Z  195151044.926892600000  326973385.222195400000      0.000000000000
1996-07-21T05:09:09.821381357032800367Z  194881490.478043970000  326995384.012152970000      0.000000000000
1996-07-21T15:38:18.985071046650404016Z  194599328.429344480000  327036142.556921240000      0.000000000000
1996-07-22T02:07:28.148760735802346384Z  194306516.146716700000  327095176.300474940000      0.000000000000
1996-07-22T12:36:37.312450424954288758Z  194005060.572467330000  327171867.332664670000      0.000000000000
1996-07-22T23:05:46.476140114571892448Z  193697000.867772640000  327265470.494933500000      0.000000000000
1996-07-23T09:34:55.6398298037238348Z  193384390.736174430000  327375120.586490750000      0.000000000000
1996-07-23T20:04:04.803519493341438432Z  193069280.583584160000  327499840.592032970000      0.000000000000
1996-07-24T06:33:13.967209182027719552Z  192753699.674272200000  327638550.844193940000      0.000000000000
1996-07-24T17:02:23.130898871645323232Z  192439638.444883880000  327790079.027225600000      0.000000000000
1996-07-25T03:31:32.294588560797265584Z  192129031.139547600000  327953170.922950150000      0.000000000000
1996-07-25T14:00:41.45827824994920795Z  191823738.928516030000  328126501.795758100000      0.000000000000
1996-07-26T00:29:50.621967939566811632Z  191525533.670443360000  328308688.310293730000      0.000000000000
1996-07-26T10:58:59.785657629184415296Z  191236082.474269930000  328498300.873398800000      0.000000000000
1996-07-26T21:28:08.949347317870696384Z  190956933.210771530000  328693876.290783640000      0.000000000000
1996-07-27T07:57:18.113037007488300032Z  190689501.116107550000  328893930.628676530000      0.000000000000
1996-07-27T18:26:27.276726696174581088Z  190435056.620247600000  329096972.171252250000      0.000000000000
1996-07-28T04:55:36.4404163857921848Z  190194714.522030830000  329301514.365873800000      0.000000000000
1996-07-28T15:24:45.604106074944127136Z  189969424.619931220000  329506088.650012600000      0.000000000000
1996-07-29T01:53:54.767795764561730832Z  189759963.893521850000  329709257.056042100000      0.000000000000
1996-07-29T12:23:03.931485453713673196Z  189566930.315318520000  329909624.492896900000      0.000000000000
1996-07-29T22:52:13.095175142865615566Z  189390738.356329000000  330105850.606777800000      0.000000000000
1996-07-30T09:21:22.258864832017557936Z  189231616.231478180000  330296661.126655600000      0.000000000000
1996-07-30T19:50:31.42255452210082288Z  189089604.913328770000  330480858.604257170000      0.000000000000
1996-07-31T06:19:40.586244210787103968Z  188964558.924432700000  330657332.462532900000      0.000000000000
1996-07-31T16:48:49.749933900404707648Z  188856148.900462750000  330825068.271283270000      0.000000000000
1996-08-01T03:17:58.913623589556650048Z  188763865.898234750000  330983156.173747240000      0.000000000000
1996-08-01T13:47:08.077313278242931072Z  188687027.405068900000  331130798.393517140000      0.000000000000
1996-08-02T00:16:17.241002968326196032Z  188624784.988877770000  331267315.757205250000      0.000000000000
1996-08-02T10:45:26.404692657478138464Z  188576133.512121200000  331392153.174887240000      0.000000000000
1996-08-02T21:14:35.568382346164419504Z  188539921.817510550000  331504884.027499260000      0.000000000000
1996-08-03T07:43:44.732072035782023181Z  188514864.779253800000  331605213.418120270000      0.000000000000
1996-08-03T18:12:53.895761724933965552Z  188499556.600848230000  331692980.252415240000      0.000000000000
1996-08-04T04:42:03.059451415017230496Z  188492485.229062020000  331768158.122462300000      0.000000000000
1996-08-04T15:11:12.223141103703511616Z  188492047.743902060000  331830854.977696240000      0.000000000000
1996-08-05T01:40:21.386830792855453964Z  188496566.576102000000  331881311.576754330000      0.000000000000
1996-08-05T12:09:30.5505204824730576Z  188504306.397027300000  331919898.724522050000      0.000000000000
1996-08-05T22:38:39.714210172090661296Z  188513491.520909300000  331947113.309581600000      0.000000000000
1996-08-06T09:07:48.877899860776942368Z  188522323.655973760000  331963573.168461100000      0.000000000000
1996-08-06T19:36:58.041589550394546048Z  188528999.839300540000  331970010.814438940000      0.000000000000
1996-08-07T06:06:07.2052792395464884Z  188531730.390114400000  331967266.080066300000      0.000000000000
1996-08-07T16:35:16.368968928698430764Z  188528756.717571080000  331956277.733847400000      0.000000000000
1996-08-08T03:04:25.532658618316034448Z  188518368.821932500000  331938074.142547550000      0.000000000000
1996-08-08T13:33:34.6963483074679768Z  188498922.332209560000  331913763.061192400000      0.000000000000
1996-08-09T00:02:43.86003799708558048Z  188468854.928809310000  331884520.642809100000      0.000000000000
1996-08-09T10:31:53.023727685771861568Z  188426702.006354800000  331851579.769206700000      0.000000000000
1996-08-09T21:01:02.187417374923803968Z  188371111.439548500000  331816217.812396200000      0.000000000000
1996-08-10T07:30:11.351107065007068864Z  188300857.323614100000  331779743.943486330000      0.000000000000
1996-08-10T17:59:20.514796753693349984Z  188214852.570377440000  331743486.111918750000      0.000000000000
1996-08-11T04:28:29.678486443310953664Z  188112160.251335500000  331708777.822570900000      0.000000000000
1996-08-11T14:57:38.842176132462896024Z  187992003.590010000000  331676944.841490800000      0.000000000000
1996-08-12T01:26:48.005865821149177108Z  187853774.517403330000  331649291.962715200000      0.000000000000
1996-08-12T11:55:57.169555511232442064Z  187697040.716384020000  331627089.968727300000      0.000000000000
1996-08-12T22:25:06.333245200850045712Z  187521551.093251680000  331611562.915579440000      0.000000000000
1996-08-13T08:54:15.496934889070665536Z  187327239.627495830000  331603875.870550040000      0.000000000000
1996-08-13T19:23:24.660624579153930464Z  187114227.563811100000  331605123.225436400000      0.000000000000
1996-08-14T05:52:33.824314267374550272Z  186882823.923703730000  331616317.702276100000      0.000000000000
1996-08-14T16:21:42.988003958389137792Z  186633524.327476380000  331638380.160501360000      0.000000000000
1996-08-15T02:50:52.151693646609757568Z  186367008.130957040000  331672130.305404540000      0.000000000000
1996-08-15T13:20:01.315383335761699968Z  186084133.894991040000  331718278.387449900000      0.000000000000
1996-08-15T23:49:10.479073025844964944Z  185785933.219412450000  331777417.970575500000      0.000000000000
1996-08-16T10:18:19.642762714065584747Z  185473602.986867600000  331850019.835391400000      0.000000000000
1996-08-16T20:47:28.806452404148849664Z  185148496.075447000000  331936427.070269050000      0.000000000000
1996-08-17T07:16:37.970142093300792032Z  184812110.612496900000  332036851.389979900000      0.000000000000
1996-08-17T17:45:47.1338317824527344Z  184466077.855158300000  332151370.707969370000      0.000000000000
1996-08-18T04:14:56.297521471604676768Z  184112148.796010900000  332279927.974783100000      0.000000000000
1996-08-18T14:44:05.461211160756619168Z  183752179.604578020000  332422331.281805600000      0.000000000000
1996-08-19T01:13:14.624900849908561516Z  183388116.027240200000  332578255.216526200000      0.000000000000
1996-08-19T11:42:23.788590539991826496Z  183021976.879178850000  332747243.443199900000      0.000000000000
1996-08-19T22:11:32.952280229143768864Z  182655836.772165950000  332928712.471182900000      0.000000000000
1996-08-20T08:40:42.115969917364388656Z  182291808.231183860000  333121956.562534500000      0.000000000000
1996-08-20T19:09:51.27965960744765361Z  181932023.360823630000  333326153.720781150000      0.000000000000
1996-08-21T05:39:00.443349296599596Z  181578615.229022830000  333540372.694117900000      0.000000000000
1996-08-21T16:08:09.607038986682860928Z  181233699.140801040000  333763580.918819500000      0.000000000000
1996-08-22T02:37:18.770728674903480768Z  180899353.978085670000  333994653.322240100000      0.000000000000
1996-08-22T13:06:27.934418364055423104Z  180577603.783376570000  334232381.899493100000      0.000000000000
1996-08-22T23:35:37.098108054138688064Z  180270399.764767170000  334475485.973663600000      0.000000000000
1996-08-23T10:04:46.261797743290630464Z  179979602.897634660000  334722623.046143000000      0.000000000000
1996-08-23T20:33:55.4254874324425728Z  179706967.294119100000  334972400.141308550000      0.000000000000
1996-08-24T07:03:04.589177121594515168Z  179454124.505285650000  335223385.548197500000      0.000000000000
1996-08-24T17:32:13.752866810746457552Z  179222568.912668170000  335474120.860946660000      0.000000000000
1996-08-25T04:01:22.916556499898399929Z  179013644.355769430000  335723133.219481050000      0.000000000000
1996-08-25T14:30:32.080246189981664876Z  178828532.130162360000  335968947.652151170000      0.000000000000
1996-08-26T00:59:41.243935879133607256Z  178668240.477226730000  336210099.422656400000      0.000000000000
1996-08-26T11:28:50.407625567354227056Z  178533595.671445580000  336445146.284578440000      0.000000000000
1996-08-26T21:57:59.57131525836881456Z  178425234.794772950000  336672680.548160500000      0.000000000000
1996-08-27T08:27:08.7350049465894344Z  178343600.270083960000  336891340.865554150000      0.000000000000
1996-08-27T18:56:17.898694635741376704Z  178288936.207387180000  337099823.642636300000      0.000000000000
1996-08-28T05:25:27.062384325824641728Z  178261286.597548400000  337296893.987669770000      0.000000000000
1996-08-28T15:54:36.226074014976584064Z  178260495.369020800000  337481396.109602150000      0.000000000000
1996-08-29T02:23:45.389763704128526448Z  178286208.303747700000  337652263.081685300000      0.000000000000
1996-08-29T12:52:54.553453392349146249Z  178337876.789256750000  337808525.889436240000      0.000000000000
1996-08-29T23:22:03.717143082432411168Z  178414763.365240100000  337949321.685813840000      0.000000000000
1996-08-30T09:51:12.8808327715843536Z  178515949.004853670000  338073901.180898370000      0.000000000000
1996-08-30T20:20:22.044522460736295936Z  178640342.053764280000  338181635.098417940000      0.000000000000
1996-08-31T06:49:31.208212149888238336Z  178786688.733835580000  338272019.637221160000      0.000000000000
1996-08-31T17:18:40.371901839971503248Z  178953585.103428870000  338344680.882272200000      0.000000000000
1996-09-01T03:47:49.535591529123445664Z  179139490.352757280000  338399378.116988600000      0.000000000000
1996-09-01T14:16:58.699281217344065436Z  179342741.300678600000  338436005.996755400000      0.000000000000
1996-09-02T00:46:07.862970907427330392Z  179561567.948857160000  338454595.552214400000      0.000000000000
1996-09-02T11:15:17.026660596579272784Z  179794109.940410850000  338455314.000409360000      0.000000000000
1996-09-02T21:44:26.190350285731215144Z  180038433.763064900000  338438463.352014400000      0.000000000000
1996-09-03T08:13:35.354039975814480096Z  180292550.531443800000  338404477.813597500000      0.000000000000
1996-09-03T18:42:44.517729664035101664Z  180554434.179485260000  338353919.995069600000      0.000000000000
1996-09-04T05:11:53.681419354118368384Z  180822039.891995340000  338287475.944025160000      0.000000000000
1996-09-04T15:41:02.845109044201635136Z  181093322.604086200000  338205949.040454600000      0.000000000000
1996-09-05T02:10:12.008798731490934144Z  181366255.398548570000  338110252.797144000000      0.000000000000
1996-09-05T12:39:21.172488421574200832Z  181638847.634075080000  338001402.622810100000      0.000000000000
1996-09-05T23:08:30.33617811072614496Z  181909162.641561720000  337880506.616481500000      0.000000000000
1996-09-06T09:37:39.499867800809411744Z  182175334.831396900000  337748755.472654040000      0.000000000000
1996-09-06T20:06:48.663557489961355888Z  182435586.061583600000  337607411.587136700000      0.000000000000
1996-09-07T06:35:57.827247179113300026Z  182688241.124637870000  337457797.463108660000      0.000000000000
1996-09-07T17:05:06.990936869196566752Z  182931742.220342810000  337301283.525545300000      0.000000000000
1996-09-08T03:34:16.154626556485865776Z  183164662.291505580000  337139275.459707140000      0.000000000000
1996-09-08T14:03:25.31831624656913252Z  183385717.110750620000  336973201.195675970000      0.000000000000
1996-09-09T00:32:34.482005936652399232Z  183593776.017972000000  336804497.665844260000      0.000000000000
1996-09-09T11:01:43.6456956248730208Z  183787871.220256780000  336634597.465725840000      0.000000000000
1996-09-09T21:30:52.80938531495628752Z  183967205.578773860000  336464915.550382100000      0.000000000000
1996-09-10T08:00:01.973075004108231648Z  184131158.820202020000  336296836.099088550000      0.000000000000
1996-09-10T18:29:11.136764692328853216Z  184279292.123657020000  336131699.679598700000      0.000000000000
1996-09-11T04:58:20.300454382412119984Z  184411351.047681870000  335970790.840472200000      0.000000000000
1996-09-11T15:27:29.464144071564064125Z  184527266.775613930000  335815326.255484600000      0.000000000000
1996-09-12T01:56:38.627833760716008272Z  184627155.671455120000  335666443.538161700000      0.000000000000
1996-09-12T12:25:47.791523449867952416Z  184711317.152192600000  335525190.837083040000      0.000000000000
1996-09-12T22:54:56.9552131399512192Z  184780229.896268670000  335392517.313888800000      0.000000000000
1996-09-13T09:24:06.118902830034485888Z  184834546.421525300000  335269264.596029800000      0.000000000000
1996-09-13T19:53:15.282592517323784864Z  184875086.079386500000  335156159.285388200000      0.000000000000
1996-09-14T06:22:24.446282207407051584Z  184902826.525223640000  335053806.592129800000      0.000000000000
1996-09-14T16:51:33.609971896558995728Z  184918893.737711900000  334962685.150719800000      0.000000000000
1996-09-15T03:20:42.773661585710939896Z  184924550.672446600000  334883143.062138860000      0.000000000000
1996-09-15T13:49:51.937351275794206624Z  184921184.647079140000  334815395.193165060000      0.000000000000
1996-09-16T00:19:01.101040964946150784Z  184910293.566653500000  334759521.750348030000      0.000000000000
1996-09-16T10:48:10.264730654098094928Z  184893471.108582800000  334715468.133175130000      0.000000000000
1996-09-16T21:17:19.428420344181361664Z  184872390.996703360000  334683046.058111850000      0.000000000000
1996-09-17T07:46:28.592110032401983232Z  184848790.502955350000  334661935.932828400000      0.000000000000
1996-09-17T18:15:37.755799721553927424Z  184824453.323363780000  334651690.448182900000      0.000000000000
1996-09-18T04:44:46.919489410705871552Z  184801191.981997370000  334651739.344515000000      0.000000000000
1996-09-18T15:13:56.08317910078913824Z  184780829.922352600000  334661395.298625050000      0.000000000000
1996-09-19T01:43:05.246868790872404928Z  184765183.450029550000  334679860.868539150000      0.000000000000
1996-09-19T12:12:14.410558479093026528Z  184756043.693523500000  334706236.424856070000      0.000000000000
1996-09-19T22:41:23.574248169176293296Z  184755158.751349780000  334739528.990129700000      0.000000000000
1996-09-20T09:10:32.737937857396914851Z  184764216.193481240000  334778661.901394100000      0.000000000000
1996-09-20T19:39:41.901627546548859024Z  184784826.083127350000  334822485.205538630000      0.000000000000
1996-09-21T06:08:51.065317236632125744Z  184818504.681192040000  334869786.692772000000      0.000000000000
1996-09-21T16:38:00.229006925784069912Z  184866658.990303130000  334919303.469804760000      0.000000000000
1996-09-22T03:07:09.392696614936014052Z  184930572.288118480000  334969733.971589700000      0.000000000000
1996-09-22T13:36:18.556386304087958192Z  185011390.790724750000  335019750.308411840000      0.000000000000
1996-09-23T00:05:27.720075994171224896Z  185110111.576439920000  335068010.843756600000      0.000000000000
1996-09-23T10:34:36.883765682391846464Z  185227571.888301280000  335113172.897647900000      0.000000000000
1996-09-23T21:03:46.047455371543790624Z  185364439.920104240000  335153905.469991450000      0.000000000000
1996-09-24T07:32:55.211145061627057408Z  185521207.176210430000  335188901.878830800000      0.000000000000
1996-09-24T18:02:04.374834749847678918Z  185698182.479639980000  335216892.209314400000      0.000000000000
1996-09-25T04:31:13.53852443993094568Z  185895487.686407330000  335236655.470557300000      0.000000000000
1996-09-25T15:00:22.702214130014212384Z  186113055.146851400000  335247031.359467700000      0.000000000000
1996-09-26T01:29:31.865903817303511424Z  186350626.937086520000  335246931.533005100000      0.000000000000
1996-09-26T11:58:41.029593507386778112Z  186607755.865866100000  335235350.293273000000      0.000000000000
1996-09-26T22:27:50.193283196538722304Z  186883808.244348020000  335211374.593354900000      0.000000000000
1996-09-27T08:56:59.356972886621988992Z  187177968.388694200000  335174193.275917770000      0.000000000000
1996-09-27T19:26:08.520662575773933184Z  187489244.808339030000  335123105.461366950000      0.000000000000
1996-09-28T05:55:17.684352264925877296Z  187816478.016329440000  335057528.007787900000      0.000000000000
1996-09-28T16:24:26.84804195500914404Z  188158349.882556300000  334977001.971079350000      0.000000000000
1996-09-29T02:53:36.011731642298443035Z  188513394.436135530000  334881198.000590260000      0.000000000000
1996-09-29T13:22:45.17542133238170976Z  188880010.009806100000  334769920.613248940000      0.000000000000
1996-09-29T23:51:54.33911102246497648Z  189256472.607123970000  334643111.297589100000      0.000000000000
1996-09-30T10:21:03.502800709754275488Z  189640950.362549160000  334500850.408241030000      0.000000000000
1996-09-30T20:50:12.66649040170018736Z  190031518.955335560000  334343357.821312500000      0.000000000000
1996-10-01T07:19:21.83018008992080896Z  190426177.830503260000  334170992.331588400000      0.000000000000
1996-10-01T17:48:30.993869778141430464Z  190822867.074135500000  333984249.783549500000      0.000000000000
1996-10-02T04:17:40.15755946822469728Z  191219484.785820130000  333783759.939766500000      0.000000000000
1996-10-02T14:46:49.321249158307963968Z  191613904.788242670000  333570282.102143100000      0.000000000000
1996-10-03T01:15:58.48493884839123072Z  192003994.512713580000  333344699.513646540000      0.000000000000
1996-10-03T11:45:07.648628534749207115Z  192387632.899732380000  333108012.580431200000      0.000000000000
1996-10-03T22:14:16.812318226695119008Z  192762728.155499640000  332861330.966484370000      0.000000000000
1996-10-04T08:43:25.976007916778385728Z  193127235.208513980000  332605864.624938250000      0.000000000000
1996-10-04T19:12:35.139697603136362176Z  193479172.714944540000  332342913.841841040000      0.000000000000
1996-10-05T05:41:44.30338729321962888Z  193816639.467258750000  332073858.379292200000      0.000000000000
1996-10-05T16:10:53.467076983302895584Z  194137830.067500770000  331800145.815257250000      0.000000000000
1996-10-06T02:40:02.630766671523517148Z  194441049.734558200000  331523279.186926500000      0.000000000000
1996-10-06T13:09:11.79445636160678392Z  194724728.123588920000  331244804.053015770000      0.000000000000
1996-10-06T23:38:20.958146051690050624Z  194987432.045418050000  330966295.097777370000      0.000000000000
1996-10-07T10:07:30.121835739910672192Z  195227876.984011170000  330689342.405573800000      0.000000000000
1996-10-07T20:36:39.285525428131293774Z  195444937.321006400000  330415537.539545100000      0.000000000000
1996-10-08T07:05:48.44921511821456048Z  195637655.187598900000  330146459.561080000000      0.000000000000
1996-10-08T17:34:57.612904808297827232Z  195805247.875760400000  329883661.128415000000      0.000000000000
1996-10-09T04:04:06.776594496518448832Z  195947113.752709870000  329628654.812665050000      0.000000000000
1996-10-09T14:33:15.94028418660171552Z  196062836.634674040000  329382899.767937900000      0.000000000000
1996-10-10T01:02:25.103973874822337088Z  196152188.588210080000  329147788.888865300000      0.000000000000
1996-10-10T11:31:34.267663564905603776Z  196215131.139628350000  328924636.583962860000      0.000000000000
1996-10-10T22:00:43.431353254988870592Z  196251814.885320160000  328714667.286735500000      0.000000000000
1996-10-11T08:29:52.59504294320949216Z  196262577.507994500000  328519004.818460500000      0.000000000000
1996-10-11T18:59:01.758732633292758864Z  196247940.215942030000  328338662.707228800000      0.000000000000
1996-10-12T05:28:10.922422321513380433Z  196208602.634418460000  328174535.557216300000      0.000000000000
1996-10-12T15:57:20.086112011596647166Z  196145436.190056980000  328027391.550463740000      0.000000000000
1996-10-13T02:26:29.249801699817268728Z  196059476.040846400000  327897866.150827050000      0.000000000000
1996-10-13T12:55:38.413491389900535472Z  195951911.615601750000  327786457.066415370000      0.000000000000
1996-10-13T23:24:47.577181079983802176Z  195824075.837996420000  327693520.512958800000      0.000000000000
1996-10-14T09:53:56.740870768204423744Z  195677433.121034560000  327619268.806368350000      0.000000000000
1996-10-14T20:23:05.904560458287690432Z  195513566.228303300000  327563769.298442500000      0.000000000000
1996-10-15T06:52:15.068250148370957248Z  195334162.108353820000  327526944.655501070000      0.000000000000
1996-10-15T17:21:24.231939834728933632Z  195140996.818067700000  327508574.465845900000      0.000000000000
1996-10-16T03:50:33.395629524812200384Z  194935919.659749120000  327508298.148569100000      0.000000000000
1996-10-16T14:19:42.559319214895467092Z  194720836.664871280000  327525619.123542800000      0.000000000000
1996-10-17T00:48:51.723008903116088672Z  194497693.564746920000  327559910.190548000000      0.000000000000
1996-10-17T11:18:00.88669859319935536Z  194268458.394797920000  327610420.054599000000      0.000000000000
1996-10-17T21:47:10.050388283282622144Z  194035103.884416520000  327676280.924669150000      0.000000000000
1996-10-18T08:16:19.214077973365888832Z  193799589.788525940000  327756517.104312840000      0.000000000000
1996-10-18T18:45:28.377767659723865264Z  193563845.319729450000  327850054.485142050000      0.000000000000
1996-10-19T05:14:37.541457349807132032Z  193329751.841270700000  327955730.847770870000      0.000000000000
1996-10-19T15:43:46.705147041753043896Z  193099125.980829360000  328072306.869673100000      0.000000000000
1996-10-20T02:12:55.868836728111020312Z  192873703.323321550000  328198477.735382560000      0.000000000000
1996-10-20T12:42:05.03252641819428704Z  192655122.837359960000  328332885.241522600000      0.000000000000
1996-10-20T23:11:14.196216108277553751Z  192444912.184777620000  328474130.287235560000      0.000000000000
1996-10-21T09:40:23.359905796498175328Z  192244474.055645760000  328620785.639592650000      0.000000000000
1996-10-21T20:09:32.523595486581442048Z  192055073.662566660000  328771408.863419350000      0.000000000000
1996-10-22T06:38:41.687285174802063616Z  191877827.517719480000  328924555.305580300000      0.000000000000
1996-10-22T17:07:50.850974864885330368Z  191713693.604322020000  329078791.025047400000      0.000000000000
1996-10-23T03:37:00.014664553105951936Z  191563463.040933850000  329232705.561945260000      0.000000000000
1996-10-23T14:06:09.178354243189218688Z  191427753.322541450000  329384924.441167830000      0.000000000000
1996-10-24T00:35:18.342043933272485376Z  191307003.206804070000  329534121.309039240000      0.000000000000
1996-10-24T11:04:27.505733621493106944Z  191201469.297402320000  329679029.604808870000      0.000000000000
1996-10-24T21:33:36.66942331157637368Z  191111224.359341950000  329818453.672513200000      0.000000000000
1996-10-25T08:02:45.833112999796995258Z  191036157.383537740000  329951279.222897650000      0.000000000000
1996-10-25T18:31:54.996802689880261984Z  190975975.400284300000  330076483.059677700000      0.000000000000
1996-10-26T05:01:04.160492379963528728Z  190930207.023537600000  330193141.989451900000      0.000000000000
1996-10-26T15:30:13.324182068184150296Z  190898207.690513520000  330300440.840088300000      0.000000000000
1996-10-27T01:59:22.487871758267417008Z  190879166.544180570000  330397679.518418130000      0.000000000000
1996-10-27T12:28:31.651561444625393408Z  190872114.889989800000  330484279.044623200000      0.000000000000
1996-10-27T22:57:40.815251134708660192Z  190875936.142837400000  330559786.507820400000      0.000000000000
1996-10-28T09:26:49.978940824791926912Z  190889377.165965440000  330623878.895052200000      0.000000000000
1996-10-28T19:55:59.142630516737838784Z  190911060.890422580000  330676365.754199740000      0.000000000000
1996-10-29T06:25:08.306320203095815184Z  190939500.091963620000  330717190.660225030000      0.000000000000
1996-10-29T16:54:17.470009893179081949Z  190973112.191955200000  330746431.463636400000      0.000000000000
1996-10-30T03:23:26.633699583262348656Z  191010234.940067440000  330764299.310073000000      0.000000000000
1996-10-30T13:52:35.79738927148297024Z  191049142.829305770000  330771136.430416800000      0.000000000000
1996-10-31T00:21:44.961078961566236928Z  191088064.088325020000  330767412.711737100000      0.000000000000
1996-10-31T10:50:54.12476865164950368Z  191125198.091952260000  330753721.070615600000      0.000000000000
1996-10-31T21:20:03.288458339870125216Z  191158733.028437200000  330730771.661822740000      0.000000000000
1996-11-01T07:49:12.452148029953392Z  191186863.661096420000  330699384.966842900000      0.000000000000
1996-11-01T18:18:21.61583772003665872Z  191207809.022687260000  330660483.818204160000      0.000000000000
1996-11-02T04:47:30.77952740825728028Z  191219829.882958700000  330615084.426825200000      0.000000000000
1996-11-02T15:16:39.943217098340547008Z  191221245.833314840000  330564286.490472900000      0.000000000000
1996-11-03T01:45:49.106906784698523439Z  191210451.837295770000  330509262.471792040000      0.000000000000
1996-11-03T12:14:58.27059647478179016Z  191185934.101537820000  330451246.144030500000      0.000000000000
1996-11-03T22:44:07.434286164865056896Z  191146285.128921400000  330391520.511390570000      0.000000000000
1996-11-04T09:13:16.597975853085678464Z  191090217.823636980000  330331405.218745900000      0.000000000000
1996-11-04T19:42:25.761665543168945152Z  191016578.526810300000  330272243.572099300000      0.000000000000
1996-11-05T06:11:34.925355231389566784Z  190924358.871006430000  330215389.296518500000      0.000000000000
1996-11-05T16:40:44.089044921472833536Z  190812706.352295130000  330162193.162227630000      0.000000000000
1996-11-06T03:09:53.252734611556100224Z  190680933.529504870000  330113989.611993700000      0.000000000000
1996-11-06T13:39:02.416424299776721792Z  190528525.771741900000  330072083.523803200000      0.000000000000
1996-11-07T00:08:11.580113989859988496Z  190355147.487119300000  330037737.242096360000      0.000000000000
1996-11-07T10:37:20.743803679943255234Z  190160646.777863380000  330012158.008411200000      0.000000000000
1996-11-07T21:06:29.907493368163876816Z  189945058.479485100000  329996485.918281560000      0.000000000000
1996-11-08T07:35:39.071183058247143552Z  189708605.554453670000  329991782.525595550000      0.000000000000
1996-11-08T18:04:48.234872748330410264Z  189451698.823760720000  329999020.208471200000      0.000000000000
1996-11-09T04:33:57.398562434688386679Z  189174935.032853960000  330019072.402116660000      0.000000000000
1996-11-09T15:03:06.562252124771653456Z  188879093.261629370000  330052704.794250700000      0.000000000000
1996-11-10T01:32:15.725941814854920176Z  188565129.701437260000  330100567.567611930000      0.000000000000
1996-11-10T12:01:24.889631506800832032Z  188234170.835356120000  330163188.762056470000      0.000000000000
1996-11-10T22:30:34.053321193158808448Z  187887505.071260000000  330240968.815939300000      0.000000000000
1996-11-11T08:59:43.217010883242075168Z  187526572.890388200000  330334176.333087100000      0.000000000000
1996-11-11T19:28:52.380700571462696741Z  187152955.587164900000  330442945.107940500000      0.000000000000
1996-11-12T05:58:01.544390261545963504Z  186768362.688803430000  330567272.427574900000      0.000000000000
1996-11-12T16:27:10.708079951629230208Z  186374618.155705480000  330707018.655546500000      0.000000000000
1996-11-13T02:56:19.871769641712496896Z  185973645.475650640000  330861908.089048800000      0.000000000000
1996-11-13T13:25:29.035459328070473344Z  185567451.776232120000  331031531.067919100000      0.000000000000
1996-11-13T23:54:38.199149018153740096Z  185158111.090684350000  331215347.301783740000      0.000000000000
1996-11-14T10:23:47.362838708237006816Z  184747746.922087940000  331412690.370224600000      0.000000000000
1996-11-14T20:52:56.526528398320273536Z  184338514.259728700000  331622773.340434200000      0.000000000000
1996-11-15T07:22:05.690218088403540256Z  183932581.208975670000  331844695.437473100000      0.000000000000
1996-11-15T17:51:14.853907774761516696Z  183532110.402253660000  332077449.694050600000      0.000000000000
1996-11-16T04:20:24.017597462982138268Z  183139240.363375000000  332319931.499700960000      0.000000000000
1996-11-16T14:49:33.181287153065404992Z  182756067.000502000000  332570947.963379860000      0.000000000000
1996-11-17T01:18:42.344976843148671712Z  182384625.404219990000  332829227.998765050000      0.000000000000
1996-11-17T11:47:51.508666533231938432Z  182026872.126506060000  333093433.037897170000      0.000000000000
1996-11-17T22:17:00.67235622145256Z  181684668.113707270000  333362168.276150100000      0.000000000000
1996-11-18T08:46:09.836045911535826752Z  181359762.461958900000  333633994.349753560000      0.000000000000
1996-11-18T19:15:18.999735601619093504Z  181053777.156768050000  333907439.346150040000      0.000000000000
1996-11-19T05:44:28.163425289839715072Z  180768192.949809880000  334181011.047189800000      0.000000000000
1996-11-19T16:13:37.327114979922981792Z  180504336.515393900000  334453209.305484700000      0.000000000000
1996-11-20T02:42:46.49080466814360336Z  180263369.016678420000  334722538.455039200000      0.000000000000
1996-11-20T13:11:55.654494358226870059Z  180046276.197685630000  334987519.658484700000      0.000000000000
1996-11-20T23:41:04.818184048310136784Z  179853860.101679980000  335246703.094775440000      0.000000000000
1996-11-21T10:10:13.98187373839340352Z  179686732.499724400000  335498679.893040000000      0.000000000000
1996-11-21T20:39:23.145563424751379936Z  179545310.095455900000  335742093.720381440000      0.000000000000
1996-11-22T07:08:32.309253112972001504Z  179429811.553566930000  335975651.933787350000      0.000000000000
1996-11-22T17:37:41.472942803055268276Z  179340256.380399100000  336198136.208951650000      0.000000000000
1996-11-23T04:06:50.636632493138534992Z  179276465.665721570000  336408412.561786700000      0.000000000000
1996-11-23T14:35:59.800322183221801696Z  179238064.675425650000  336605440.681730870000      0.000000000000
1996-11-24T01:05:08.964011873305068448Z  179224487.265784600000  336788282.499725900000      0.000000000000
1996-11-24T11:34:18.127701559663044864Z  179234982.071345150000  336956109.917982940000      0.000000000000
1996-11-24T22:03:27.291391249746311598Z  179268620.400655330000  337108211.633477200000      0.000000000000
1996-11-25T08:32:36.455080939829578304Z  179324305.757110980000  337243998.992529200000      0.000000000000
1996-11-25T19:01:45.618770629912845056Z  179400784.886401150000  337363010.819937300000      0.000000000000
1996-11-26T05:30:54.782460319996111744Z  179496660.237509000000  337464917.172924340000      0.000000000000
1996-11-26T16:00:03.946150008216733376Z  179610403.711131240000  337549521.977704050000      0.000000000000
1996-11-27T02:29:13.109839698300000064Z  179740371.557816980000  337616764.514736500000      0.000000000000
1996-11-27T12:58:22.273529384657976512Z  179884820.278177300000  337666719.727724430000      0.000000000000
1996-11-27T23:27:31.4372190747412432Z  180041923.369264450000  337699597.341060100000      0.000000000000
1996-11-28T09:56:40.600908764824509952Z  180209788.754667820000  337715739.780689240000      0.000000000000
1996-11-28T20:25:49.76459845304513152Z  180386476.731068970000  337715618.904143500000      0.000000000000
1996-11-29T06:54:58.928288143128398249Z  180570018.260904220000  337699831.556687300000      0.000000000000
1996-11-29T17:24:08.091977833211664975Z  180758433.439396200000  337669093.982011850000      0.000000000000
1996-11-30T03:53:17.255667521432286536Z  180949749.964467730000  337624235.127528130000      0.000000000000
1996-11-30T14:22:26.419357211515553248Z  181142021.439900200000  337566188.895933750000      0.000000000000
1996-12-01T00:51:35.58304689973617488Z  181333345.345455140000  337495985.406159000000      0.000000000000
1996-12-01T11:20:44.7467365898194416Z  181521880.512457220000  337414741.337879000000      0.000000000000
1996-12-01T21:49:53.910426279902708288Z  181705863.949454070000  337323649.444350000000      0.000000000000
1996-12-02T08:19:03.07411596998597504Z  181883626.869901200000  337223967.328169350000      0.000000000000
1996-12-02T18:48:12.23780566006924176Z  182053609.782277600000  337117005.583569000000      0.000000000000
1996-12-03T05:17:21.401495344564573024Z  182214376.512499800000  337004115.416805200000      0.000000000000
1996-12-03T15:46:30.565185034647839731Z  182364627.038859160000  336886675.863013500000      0.000000000000
1996-12-04T02:15:39.728874724731106496Z  182503209.030850050000  336766080.723383700000      0.000000000000
1996-12-04T12:44:48.892564414814373184Z  182629127.995077970000  336643725.350604650000      0.000000000000
1996-12-04T23:13:58.056254104897639904Z  182741555.943829200000  336520993.413103940000      0.000000000000
1996-12-05T09:43:07.219943793118261536Z  182839838.514757250000  336399243.769645750000      0.000000000000
1996-12-05T20:12:16.383633481338883104Z  182923500.483392360000  336279797.585269100000      0.000000000000
1996-12-06T06:41:25.547323171422149808Z  182992249.623735430000  336163925.817373700000      0.000000000000
1996-12-06T17:10:34.711012861505416522Z  183045978.885965880000  336052837.196994400000      0.000000000000
1996-12-07T03:39:43.874702551588683264Z  183084766.874208330000  335947666.824999300000      0.000000000000
1996-12-07T14:08:53.038392239809304848Z  183108876.621287320000  335849465.496174750000      0.000000000000
1996-12-08T00:38:02.202081929892571574Z  183118752.671398900000  335759189.856037440000      0.000000000000
1996-12-08T11:07:11.365771618113193152Z  183115016.495560380000  335677693.485836200000      0.000000000000
1996-12-08T21:36:20.529461308196459872Z  183098460.278522100000  335605719.000771640000      0.000000000000
1996-12-09T08:05:29.693150998279726592Z  183070039.129452050000  335543891.235085100000      0.000000000000
1996-12-09T18:34:38.856840688362993344Z  183030861.782075670000  335492711.575580540000      0.000000000000
1996-12-10T05:03:48.020530374720969728Z  182982179.862991900000  335452553.492496700000      0.000000000000
1996-12-10T15:32:57.18422006480423648Z  182925375.819508000000  335423659.303682200000      0.000000000000
1996-12-11T02:02:06.347909754887503168Z  182861949.610448060000  335406138.194901800000      0.000000000000
1996-12-11T12:31:15.511599443108124768Z  182793504.274892450000  335399965.506048260000      0.000000000000
1996-12-11T23:00:24.675289133191391504Z  182721730.504593670000  335404983.280218800000      0.000000000000
1996-12-12T09:29:33.838978821412013081Z  182648390.355761770000  335420902.060216550000      0.000000000000
1996-12-12T19:58:43.002668511495279792Z  182575300.244906250000  335447303.905199600000      0.000000000000
1996-12-13T06:27:52.16635820157854654Z  182504313.381323550000  335483646.589079500000      0.000000000000
1996-12-13T16:57:01.330047891661813284Z  182437301.795511870000  335529268.931935800000      0.000000000000
1996-12-14T03:26:10.49373758174508Z  182376138.128138630000  335583397.206287440000      0.000000000000
1996-12-14T13:55:19.657427268103056416Z  182322677.348075030000  335645152.551563000000      0.000000000000
1996-12-15T00:24:28.821116958186323136Z  182278738.570326150000  335713559.322587300000      0.000000000000
1996-12-15T10:53:37.984806648269589824Z  182246087.145335380000  335787554.291353640000      0.000000000000
1996-12-15T21:22:47.148496338352856608Z  182226417.190056770000  335865996.615751400000      0.000000000000
1996-12-16T07:51:56.312186028436123312Z  182221334.728308140000  335947678.484232100000      0.000000000000

Initial position: {187,529,315.35824326; 333,284,565.2147382; 0}
Final position: {182,232,341.6032302; 336,031,336.34158146; 0}
